-20..

17, 3, 3. 43, 11, 11. 34, 3. 141, 13-11. 149, 1-3. 131, 4. 119,
13. 7, 39, 13-13, 33, 13. 91η, 13-11. 133, 4. 71, 33, 6. 106,
13.131,3-1. 711, 33, 1. 136, 6-13. 222, 7. 7111, 1, 6. 6, 6.
30, 7. 101, 3. 113, 9. 113, 4. 111, 3412.

Inf. perf. 1,· 34, 1311, 26, 6. 43, 12. 63, 26. 104, 13. 116, 4.
111, 16, 6. 31, 17. 66, 16. 39, 13. 133917, 16, 3. 71,1, 6.

Inf. aor. I, 119, 20. Π, 32, 2-3-5. 54, 11. 175, 21. ΙΠ, 68,
16. 166, 11. 17, 13, 1. 14, 13-11, 13, 3. 33, 13, 131, 10. 71, 62,
13. VII, 75, 8. 103, 4. 149,17-18-19. 168, 27-28-29-30.
7111, 33, 4-3-13 (Nom. oum 131,). IX, 16, 6-14-23. 27,
9-17-18.

Ace. 6. inf. praes. φασὶ δέ μιν Δεῇφοὶ 6331131333... 31113νεῖ1314
1, 61, 111, 1, 11-13-19-11-13. 2, 13-14, 39, 3. 31,11
accusativo 3361313113333.111, 20, 116,17. 117, 14. 125, 6. 126,
15-17. 133, 9. 138, 8. 182, 2-3. 202, 3-5-6-11. 216, 3. ΙΙ,
15, 2. 16, 5. 18,10-13-14. 22, 4. 28, 17. 32, 13-26-28 3066.
subintellecto.32-34-36-36-39-40-41. 11, 44, 11. 63, 19. 72,
4. 76, 4. 74, 6. 66, 6. 91,30. 110, 11. 133, 7. 126, 6-6. 144,
4-6. 146, 3. 146, 6. 146, 22. 160,16. 172, 17. 114, 6111, 3,
4. 3, 13. 13, 7. 20, 9. 22, 6-23. 23, 4-6. 11,14. 34, 9-11-11.
35, 7. 38, 23. 46, 7. 61, 6. 52, 23. 63, 12. 75, 11. 99, 7. 111, 5.
113, 11. 13313. 17,13, 3-3-11. 13, 1. 33, 3. 13, 11. 11, 3.
31, 3. 33, 3. 3413. 91, 19. 133, 13. 141, 3144, 3. 131, 14-20.
160, 19-13. 7, 13, 16. 22, 13. 39, 13. 41, 3. 43, 4. 31, 11. 19, 4.
84, 11, VI, 66, 13-17. 69, 24. 84, 7-10, sedin versu 12 repe·
titum per λέγουσι. 135, 12.7Π, 163, 6; - β, 2; - y, 15 333.
subintellecto. 141, 13. 143, 3. 131,11. 7111, 33,1-9-13-33-31.
111, 13, 13-11. 33, 6. 93, 13-19. 131, 3-1.

Α33. 3. inf. fut. I, 38, 4. 39, 5. 112, 5. Π, 13, 14-17, 49,
1Μ33ΗΜΜ33Π33333Μ33
711, 133, 11. 131, 11. 111, 19, 1.

Aac. 31111. 33331, 114, 11. 119, 16. 202, 111, 91, 11133,
11111, 13. 13131, 7. 133,11. ·

Α33. 31111. 331. Ι, 1, 7-10-17-24. 2, 5-7-8-11-14. 94,
7, sed in 13133 8 per λέγουσι repetitur. H, 26, 16-17. 44,11.
43, 4. 49, 11. 34, 13. 33, 11. 33, 13. 19, 11-14-13. 31, 1. 39,
7-8. 91, 30. 110, 9-10. 126, 2 ἔφασαν occurrit 6011 prius quam
1311333 10. 132,10. 144, 6-6. Π, 31, 6-12-14-24-27-30.
37 ubi oratio obliqua int'orrumpitur, ab 11113316 usque ad lineam
24, 131311331331331311313313ΠΙ, 2, 3. 32, 14. 56, 11. 61, 9. 120,

17. IV, 16, 7. 34, 4-7, sed in linea 8 repetitur per 1413311345,
13-13. 33, 13. 96, 1.-133, 13-31. 7, 44, 3. 71, 3313. 31, 3.

 

